10000
123462
9991 9997 0.01405000
9997 9991 0.01405000
9979 9987 0.01854000
9987 9979 0.01854000
9963 9992 0.01445000
9992 9963 0.01445000
9943 9999 0.01880000
9999 9943 0.01880000
9941 9958 0.01898000
9958 9941 0.01898000
9934 9948 0.01317000
9948 9934 0.01317000
9929 9963 0.01649000
9963 9929 0.01649000
9929 9992 0.00389000
9992 9929 0.00389000
9912 9980 0.01251000
9980 9912 0.01251000
9898 9991 0.01674000
9991 9898 0.01674000
9898 9997 0.00474000
9997 9898 0.00474000
9895 9975 0.01662000
9975 9895 0.01662000
9888 9955 0.00657000
9955 9888 0.00657000
9886 9891 0.01873000
9891 9886 0.01873000
9883 9905 0.01615000
9905 9883 0.01615000
9879 9951 0.01657000
9951 9879 0.01657000
9879 9960 0.01503000
9960 9879 0.01503000
9854 9909 0.01650000
9909 9854 0.01650000
9846 9849 0.01235000
9849 9846 0.01235000
9840 9848 0.01745000
9848 9840 0.01745000
9834 9989 0.01293000
9989 9834 0.01293000
9833 9986 0.00305000
9986 9833 0.00305000
9829 9851 0.01919000
9851 9829 0.01919000
9826 9912 0.00217000
9912 9826 0.00217000
9826 9980 0.01412000
9980 9826 0.01412000
9824 9852 0.01539000
9852 9824 0.01539000
9820 9974 0.01083000
9974 9820 0.01083000
9813 9881 0.01417000
9881 9813 0.01417000
9811 9927 0.00696000
9927 9811 0.00696000
9805 9914 0.01142000
9914 9805 0.01142000
9805 9998 0.01509000
9998 9805 0.01509000
9802 9850 0.00559000
9850 9802 0.00559000
9791 9797 0.01327000
9797 9791 0.01327000
9789 9864 0.01197000
9864 9789 0.01197000
9787 9977 0.01730000
9977 9787 0.01730000
9784 9843 0.01486000
9843 9784 0.01486000
9781 9816 0.00915000
9816 9781 0.00915000
9776 9974 0.01958000
9974 9776 0.01958000
9774 9930 0.01163000
9930 9774 0.01163000
9770 9821 0.01508000
9821 9770 0.01508000
9769 9784 0.01763000
9784 9769 0.01763000
9764 9885 0.01449000
9885 9764 0.01449000
9763 9847 0.01431000
9847 9763 0.01431000
9760 9791 0.01800000
9791 9760 0.01800000
9758 9772 0.01310000
9772 9758 0.01310000
9756 9916 0.01780000
9916 9756 0.01780000
9753 9942 0.01926000
9942 9753 0.01926000
9751 9859 0.00761000
9859 9751 0.00761000
9743 9786 0.01126000
9786 9743 0.01126000
9742 9837 0.00882000
9837 9742 0.00882000
9738 9862 0.00358000
9862 9738 0.00358000
9726 9932 0.01984000
9932 9726 0.01984000
9724 9808 0.00697000
9808 9724 0.00697000
9723 9764 0.01645000
9764 9723 0.01645000
9722 9978 0.01041000
9978 9722 0.01041000
9718 9777 0.01966000
9777 9718 0.01966000
9714 9726 0.01752000
9726 9714 0.01752000
9712 9899 0.01575000
9899 9712 0.01575000
9706 9807 0.01703000
9807 9706 0.01703000
9705 9964 0.00785000
9964 9705 0.00785000
9700 9922 0.01960000
9922 9700 0.01960000
9699 9981 0.01087000
9981 9699 0.01087000
9698 9924 0.00863000
9924 9698 0.00863000
9695 9954 0.01426000
9954 9695 0.01426000
9691 9953 0.01503000
9953 9691 0.01503000
9687 9765 0.01132000
9765 9687 0.01132000
9675 9875 0.00809000
9875 9675 0.00809000
9670 9748 0.01540000
9748 9670 0.01540000
9670 9884 0.01382000
9884 9670 0.01382000
9669 9984 0.01894000
9984 9669 0.01894000
9667 9809 0.01678000
9809 9667 0.01678000
9660 9929 0.01681000
9929 9660 0.01681000
9660 9992 0.01399000
9992 9660 0.01399000
9659 9801 0.00656000
9801 9659 0.00656000
9657 9917 0.00860000
9917 9657 0.00860000
9654 9850 0.01967000
9850 9654 0.01967000
9651 9771 0.01652000
9771 9651 0.01652000
9649 9670 0.00355000
9670 9649 0.00355000
9649 9748 0.01882000
9748 9649 0.01882000
9649 9884 0.01212000
9884 9649 0.01212000
9648 9866 0.01250000
9866 9648 0.01250000
9643 9949 0.01492000
9949 9643 0.01492000
9636 9770 0.01936000
9770 9636 0.01936000
9630 9751 0.01243000
9751 9630 0.01243000
9630 9859 0.01989000
9859 9630 0.01989000
9628 9938 0.00567000
9938 9628 0.00567000
9627 9662 0.01509000
9662 9627 0.01509000
9626 9749 0.00755000
9749 9626 0.00755000
9625 9856 0.01846000
9856 9625 0.01846000
9623 9635 0.01286000
9635 9623 0.01286000
9621 9643 0.01185000
9643 9621 0.01185000
9621 9949 0.01416000
9949 9621 0.01416000
9618 9858 0.01698000
9858 9618 0.01698000
9618 9877 0.00632000
9877 9618 0.00632000
9617 9770 0.00796000
9770 9617 0.00796000
9617 9821 0.01036000
9821 9617 0.01036000
9616 9702 0.00411000
9702 9616 0.00411000
9615 9879 0.01854000
9879 9615 0.01854000
9612 9720 0.00735000
9720 9612 0.00735000
9609 9618 0.01978000
9618 9609 0.01978000
9609 9874 0.01693000
9874 9609 0.01693000
9606 9699 0.01597000
9699 9606 0.01597000
9606 9981 0.01160000
9981 9606 0.01160000
9604 9753 0.01616000
9753 9604 0.01616000
9604 9942 0.01129000
9942 9604 0.01129000
9603 9930 0.01329000
9930 9603 0.01329000
9601 9646 0.01086000
9646 9601 0.01086000
9600 9692 0.01536000
9692 9600 0.01536000
9597 9607 0.01551000
9607 9597 0.01551000
9597 9687 0.01847000
9687 9597 0.01847000
9593 9827 0.00986000
9827 9593 0.00986000
9593 9950 0.01875000
9950 9593 0.01875000
9592 9775 0.01522000
9775 9592 0.01522000
9591 9668 0.00569000
9668 9591 0.00569000
9588 9601 0.01762000
9601 9588 0.01762000
9588 9646 0.01567000
9646 9588 0.01567000
9587 9690 0.01584000
9690 9587 0.01584000
9581 9582 0.01807000
9582 9581 0.01807000
9579 9860 0.01753000
9860 9579 0.01753000
9578 9757 0.01473000
9757 9578 0.01473000
9573 9918 0.01925000
9918 9573 0.01925000
9572 9590 0.01199000
9590 9572 0.01199000
9571 9750 0.01154000
9750 9571 0.01154000
9571 9779 0.01377000
9779 9571 0.01377000
9568 9640 0.01843000
9640 9568 0.01843000
9567 9721 0.01634000
9721 9567 0.01634000
9567 9756 0.00975000
9756 9567 0.00975000
9567 9916 0.01195000
9916 9567 0.01195000
9564 9627 0.00196000
9627 9564 0.00196000
9564 9662 0.01530000
9662 9564 0.01530000
9562 9844 0.00147000
9844 9562 0.00147000
9560 9746 0.01441000
9746 9560 0.01441000
9556 9991 0.01044000
9991 9556 0.01044000
9556 9997 0.01730000
9997 9556 0.01730000
9548 9645 0.01606000
9645 9548 0.01606000
9547 9888 0.01332000
9888 9547 0.01332000
9547 9955 0.01415000
9955 9547 0.01415000
9546 9821 0.01868000
9821 9546 0.01868000
9545 9944 0.01098000
9944 9545 0.01098000
9544 9683 0.01460000
9683 9544 0.01460000
9542 9898 0.01720000
9898 9542 0.01720000
9542 9997 0.01693000
9997 9542 0.01693000
9541 9754 0.01643000
9754 9541 0.01643000
9540 9615 0.01828000
9615 9540 0.01828000
9540 9879 0.01634000
9879 9540 0.01634000
9540 9951 0.01289000
9951 9540 0.01289000
9539 9630 0.01728000
9630 9539 0.01728000
9538 9973 0.01309000
9973 9538 0.01309000
9533 9745 0.00399000
9745 9533 0.00399000
9529 9780 0.00564000
9780 9529 0.00564000
9528 9838 0.00927000
9838 9528 0.00927000
9523 9613 0.00408000
9613 9523 0.00408000
9520 9585 0.01479000
9585 9520 0.01479000
9519 9767 0.01135000
9767 9519 0.01135000
9516 9888 0.01484000
9888 9516 0.01484000
9516 9955 0.01204000
9955 9516 0.01204000
9514 9795 0.01303000
9795 9514 0.01303000
9513 9941 0.01994000
9941 9513 0.01994000
9513 9958 0.00299000
9958 9513 0.00299000
9504 9967 0.00973000
9967 9504 0.00973000
9503 9591 0.01473000
9591 9503 0.01473000
9503 9668 0.01377000
9668 9503 0.01377000
9496 9705 0.01619000
9705 9496 0.01619000
9496 9964 0.00934000
9964 9496 0.00934000
9494 9853 0.01147000
9853 9494 0.01147000
9493 9553 0.01180000
9553 9493 0.01180000
9492 9510 0.01793000
9510 9492 0.01793000
9491 9814 0.00742000
9814 9491 0.00742000
9490 9715 0.00262000
9715 9490 0.00262000
9488 9899 0.01908000
9899 9488 0.01908000
9485 9498 0.00886000
9498 9485 0.00886000
9484 9684 0.01559000
9684 9484 0.01559000
9483 9986 0.01998000
9986 9483 0.01998000
9482 9744 0.01567000
9744 9482 0.01567000
9480 9782 0.01891000
9782 9480 0.01891000
9478 9839 0.00374000
9839 9478 0.00374000
9477 9824 0.01834000
9824 9477 0.01834000
9474 9557 0.01700000
9557 9474 0.01700000
9473 9819 0.00632000
9819 9473 0.00632000
9467 9675 0.01890000
9675 9467 0.01890000
9466 9500 0.00966000
9500 9466 0.00966000
9465 9954 0.01919000
9954 9465 0.01919000
9463 9558 0.01809000
9558 9463 0.01809000
9463 9785 0.01791000
9785 9463 0.01791000
9460 9897 0.01640000
9897 9460 0.01640000
9458 9923 0.01999000
9923 9458 0.01999000
9457 9725 0.01762000
9725 9457 0.01762000
9456 9685 0.00217000
9685 9456 0.00217000
9454 9575 0.01229000
9575 9454 0.01229000
9453 9807 0.00830000
9807 9453 0.00830000
9452 9994 0.01440000
9994 9452 0.01440000
9450 9574 0.01551000
9574 9450 0.01551000
9445 9626 0.00660000
9626 9445 0.00660000
9445 9749 0.01334000
9749 9445 0.01334000
9443 9532 0.00415000
9532 9443 0.00415000
9441 9537 0.01832000
9537 9441 0.01832000
9439 9746 0.01460000
9746 9439 0.01460000
9438 9493 0.01740000
9493 9438 0.01740000
9438 9553 0.01546000
9553 9438 0.01546000
9437 9748 0.01854000
9748 9437 0.01854000
9437 9884 0.01712000
9884 9437 0.01712000
9433 9591 0.01945000
9591 9433 0.01945000
9433 9668 0.01903000
9668 9433 0.01903000
9430 9886 0.01582000
9886 9430 0.01582000
9430 9891 0.00961000
9891 9430 0.00961000
9429 9564 0.00972000
9564 9429 0.00972000
9429 9627 0.01129000
9627 9429 0.01129000
9429 9755 0.01114000
9755 9429 0.01114000
9428 9468 0.00781000
9468 9428 0.00781000
9428 9470 0.01786000
9470 9428 0.01786000
9426 9809 0.01565000
9809 9426 0.01565000
9425 9457 0.01777000
9457 9425 0.01777000
9424 9810 0.01125000
9810 9424 0.01125000
9423 9513 0.01344000
9513 9423 0.01344000
9423 9941 0.01533000
9941 9423 0.01533000
9423 9958 0.01062000
9958 9423 0.01062000
9422 9782 0.01106000
9782 9422 0.01106000
9418 9689 0.00136000
9689 9418 0.00136000
9417 9740 0.01140000
9740 9417 0.01140000
9414 9987 0.01306000
9987 9414 0.01306000
9413 9712 0.01664000
9712 9413 0.01664000
9413 9731 0.01927000
9731 9413 0.01927000
9410 9718 0.00974000
9718 9410 0.00974000
9410 9923 0.01684000
9923 9410 0.01684000
9409 9419 0.01465000
9419 9409 0.01465000
9408 9982 0.01864000
9982 9408 0.01864000
9406 9790 0.00820000
9790 9406 0.00820000
9403 9550 0.01868000
9550 9403 0.01868000
9401 9794 0.01981000
9794 9401 0.01981000
9400 9512 0.00594000
9512 9400 0.00594000
9400 9854 0.01483000
9854 9400 0.01483000
9399 9778 0.01195000
9778 9399 0.01195000
9396 9568 0.01356000
9568 9396 0.01356000
9396 9638 0.00655000
9638 9396 0.00655000
9394 9663 0.01258000
9663 9394 0.01258000
9389 9471 0.01006000
9471 9389 0.01006000
9388 9785 0.01419000
9785 9388 0.01419000
9387 9421 0.01131000
9421 9387 0.01131000
9387 9441 0.01819000
9441 9387 0.01819000
9387 9537 0.01879000
9537 9387 0.01879000
9386 9496 0.01606000
9496 9386 0.01606000
9386 9705 0.00161000
9705 9386 0.00161000
9386 9964 0.00721000
9964 9386 0.00721000
9385 9569 0.01037000
9569 9385 0.01037000
9380 9558 0.01909000
9558 9380 0.01909000
9378 9945 0.01666000
9945 9378 0.01666000
9376 9464 0.01398000
9464 9376 0.01398000
9373 9559 0.01304000
9559 9373 0.01304000
9370 9497 0.01676000
9497 9370 0.01676000
9367 9612 0.01611000
9612 9367 0.01611000
9366 9654 0.01461000
9654 9366 0.01461000
9366 9802 0.01276000
9802 9366 0.01276000
9366 9850 0.01493000
9850 9366 0.01493000
9365 9599 0.00641000
9599 9365 0.00641000
9364 9665 0.00714000
9665 9364 0.00714000
9362 9790 0.01795000
9790 9362 0.01795000
9361 9519 0.01619000
9519 9361 0.01619000
9360 9586 0.01453000
9586 9360 0.01453000
9359 9639 0.01518000
9639 9359 0.01518000
9352 9976 0.01213000
9976 9352 0.01213000
9350 9836 0.00826000
9836 9350 0.00826000
9348 9666 0.01559000
9666 9348 0.01559000
9348 9799 0.01227000
9799 9348 0.01227000
9347 9758 0.01147000
9758 9347 0.01147000
9347 9772 0.01323000
9772 9347 0.01323000
9346 9404 0.00680000
9404 9346 0.00680000
9345 9507 0.01577000
9507 9345 0.01577000
9345 9568 0.01093000
9568 9345 0.01093000
9345 9640 0.01741000
9640 9345 0.01741000
9344 9465 0.00973000
9465 9344 0.00973000
9344 9954 0.01510000
9954 9344 0.01510000
9342 9669 0.00653000
9669 9342 0.00653000
9342 9984 0.01802000
9984 9342 0.01802000
9340 9687 0.01829000
9687 9340 0.01829000
9340 9765 0.00795000
9765 9340 0.00795000
9338 9943 0.01688000
9943 9338 0.01688000
9338 9999 0.00375000
9999 9338 0.00375000
9337 9544 0.01946000
9544 9337 0.01946000
9337 9683 0.01223000
9683 9337 0.01223000
9337 9688 0.01042000
9688 9337 0.01042000
9336 9479 0.01471000
9479 9336 0.01471000
9335 9915 0.01493000
9915 9335 0.01493000
9330 9486 0.00037000
9486 9330 0.00037000
9327 9651 0.00662000
9651 9327 0.00662000
9327 9771 0.01587000
9771 9327 0.01587000
9326 9552 0.01668000
9552 9326 0.01668000
9323 9924 0.01551000
9924 9323 0.01551000
9319 9610 0.01853000
9610 9319 0.01853000
9318 9747 0.01883000
9747 9318 0.01883000
9317 9588 0.01378000
9588 9317 0.01378000
9315 9427 0.00500000
9427 9315 0.00500000
9314 9373 0.01112000
9373 9314 0.01112000
9314 9559 0.01394000
9559 9314 0.01394000
9313 9469 0.01230000
9469 9313 0.01230000
9311 9579 0.00990000
9579 9311 0.00990000
9311 9788 0.01961000
9788 9311 0.01961000
9310 9373 0.01577000
9373 9310 0.01577000
9309 9694 0.01615000
9694 9309 0.01615000
9309 9858 0.01896000
9858 9309 0.01896000
9308 9605 0.01822000
9605 9308 0.01822000
9307 9962 0.01800000
9962 9307 0.01800000
9306 9372 0.01194000
9372 9306 0.01194000
9305 9428 0.00134000
9428 9305 0.00134000
9305 9468 0.00666000
9468 9305 0.00666000
9305 9470 0.01786000
9470 9305 0.01786000
9304 9843 0.00781000
9843 9304 0.00781000
9301 9505 0.01321000
9505 9301 0.01321000
9301 9681 0.01796000
9681 9301 0.01796000
9298 9473 0.01555000
9473 9298 0.01555000
9298 9819 0.00957000
9819 9298 0.00957000
9297 9800 0.01759000
9800 9297 0.01759000
9294 9604 0.00562000
9604 9294 0.00562000
9294 9753 0.01549000
9753 9294 0.01549000
9294 9942 0.01669000
9942 9294 0.01669000
9293 9723 0.01788000
9723 9293 0.01788000
9293 9764 0.00521000
9764 9293 0.00521000
9293 9885 0.01858000
9885 9293 0.01858000
9292 9554 0.00660000
9554 9292 0.00660000
9290 9691 0.01806000
9691 9290 0.01806000
9290 9707 0.01432000
9707 9290 0.01432000
9289 9913 0.01960000
9913 9289 0.01960000
9288 9644 0.01614000
9644 9288 0.01614000
9287 9417 0.01743000
9417 9287 0.01743000
9287 9740 0.01369000
9740 9287 0.01369000
9286 9947 0.01654000
9947 9286 0.01654000
9285 9431 0.00921000
9431 9285 0.00921000
9284 9863 0.01379000
9863 9284 0.01379000
9283 9677 0.01077000
9677 9283 0.01077000
9282 9389 0.01203000
9389 9282 0.01203000
9282 9471 0.01842000
9471 9282 0.01842000
9278 9343 0.01496000
9343 9278 0.01496000
9277 9489 0.00392000
9489 9277 0.00392000
9275 9401 0.01303000
9401 9275 0.01303000
9274 9284 0.01237000
9284 9274 0.01237000
9274 9863 0.00173000
9863 9274 0.00173000
9273 9818 0.01612000
9818 9273 0.01612000
9272 9835 0.01233000
9835 9272 0.01233000
9271 9335 0.01106000
9335 9271 0.01106000
9271 9915 0.00580000
9915 9271 0.00580000
9270 9666 0.00763000
9666 9270 0.00763000
9266 9277 0.01622000
9277 9266 0.01622000
9266 9489 0.01923000
9489 9266 0.01923000
9266 9677 0.01576000
9677 9266 0.01576000
9263 9706 0.01024000
9706 9263 0.01024000
9262 9578 0.01737000
9578 9262 0.01737000
9262 9696 0.00980000
9696 9262 0.00980000
9259 9795 0.00908000
9795 9259 0.00908000
9255 9471 0.01237000
9471 9255 0.01237000
9253 9293 0.01846000
9293 9253 0.01846000
9253 9506 0.01535000
9506 9253 0.01535000
9252 9447 0.00673000
9447 9252 0.00673000
9250 9453 0.01849000
9453 9250 0.01849000
9250 9807 0.01701000
9807 9250 0.01701000
9249 9434 0.01896000
9434 9249 0.01896000
9249 9934 0.01363000
9934 9249 0.01363000
9249 9948 0.00749000
9948 9249 0.00749000
9248 9775 0.01625000
9775 9248 0.01625000
9247 9250 0.00872000
9250 9247 0.00872000
9247 9807 0.01653000
9807 9247 0.01653000
9245 9339 0.01459000
9339 9245 0.01459000
9245 9849 0.01104000
9849 9245 0.01104000
9244 9376 0.00658000
9376 9244 0.00658000
9244 9464 0.01776000
9464 9244 0.01776000
9243 9760 0.00871000
9760 9243 0.00871000
9238 9397 0.01016000
9397 9238 0.01016000
9237 9546 0.01976000
9546 9237 0.01976000
9237 9617 0.01988000
9617 9237 0.01988000
9237 9961 0.01580000
9961 9237 0.01580000
9235 9750 0.01882000
9750 9235 0.01882000
9234 9437 0.00727000
9437 9234 0.00727000
9234 9670 0.01957000
9670 9234 0.01957000
9234 9748 0.01186000
9748 9234 0.01186000
9234 9884 0.01985000
9884 9234 0.01985000
9233 9598 0.01810000
9598 9233 0.01810000
9232 9416 0.01222000
9416 9232 0.01222000
9231 9709 0.01634000
9709 9231 0.01634000
9230 9340 0.01607000
9340 9230 0.01607000
9230 9457 0.01682000
9457 9230 0.01682000
9225 9907 0.00794000
9907 9225 0.00794000
9222 9366 0.01055000
9366 9222 0.01055000
9222 9654 0.01376000
9654 9222 0.01376000
9218 9313 0.01535000
9313 9218 0.01535000
9218 9368 0.01069000
9368 9218 0.01069000
9218 9469 0.01612000
9469 9218 0.01612000
9215 9579 0.01865000
9579 9215 0.01865000
9215 9860 0.01356000
9860 9215 0.01356000
9212 9959 0.00942000
9959 9212 0.00942000
9211 9984 0.01584000
9984 9211 0.01584000
9210 9622 0.01220000
9622 9210 0.01220000
9209 9424 0.01990000
9424 9209 0.01990000
9207 9250 0.01701000
9250 9207 0.01701000
9206 9307 0.01646000
9307 9206 0.01646000
9205 9704 0.01347000
9704 9205 0.01347000
9204 9524 0.00822000
9524 9204 0.00822000
9202 9306 0.01544000
9306 9202 0.01544000
9202 9372 0.01469000
9372 9202 0.01469000
9201 9272 0.01914000
9272 9201 0.01914000
9199 9709 0.01726000
9709 9199 0.01726000
9197 9249 0.01289000
9249 9197 0.01289000
9197 9434 0.01790000
9434 9197 0.01790000
9197 9948 0.01045000
9948 9197 0.01045000
9196 9940 0.00950000
9940 9196 0.00950000
9195 9351 0.01068000
9351 9195 0.01068000
9194 9342 0.01261000
9342 9194 0.01261000
9194 9669 0.01889000
9669 9194 0.01889000
9194 9984 0.01869000
9984 9194 0.01869000
9193 9322 0.01535000
9322 9193 0.01535000
9192 9594 0.00880000
9594 9192 0.00880000
9191 9481 0.01911000
9481 9191 0.01911000
9191 9876 0.00726000
9876 9191 0.00726000
9190 9402 0.01906000
9402 9190 0.01906000
9190 9901 0.00537000
9901 9190 0.00537000
9189 9345 0.01369000
9345 9189 0.01369000
9189 9507 0.01892000
9507 9189 0.01892000
9189 9568 0.01202000
9568 9189 0.01202000
9188 9961 0.01174000
9961 9188 0.01174000
9186 9996 0.01813000
9996 9186 0.01813000
9181 9482 0.01437000
9482 9181 0.01437000
9180 9557 0.01952000
9557 9180 0.01952000
9179 9946 0.01691000
9946 9179 0.01691000
9178 9261 0.00576000
9261 9178 0.00576000
9175 9309 0.01503000
9309 9175 0.01503000
9174 9714 0.00957000
9714 9174 0.00957000
9173 9703 0.01892000
9703 9173 0.01892000
9173 9934 0.01553000
9934 9173 0.01553000
9172 9492 0.01802000
9492 9172 0.01802000
9172 9510 0.01547000
9510 9172 0.01547000
9171 9796 0.00812000
9796 9171 0.00812000
9168 9686 0.01124000
9686 9168 0.01124000
9167 9503 0.01751000
9503 9167 0.01751000
9167 9591 0.01276000
9591 9167 0.01276000
9167 9668 0.01784000
9668 9167 0.01784000
9166 9278 0.00308000
9278 9166 0.00308000
9166 9343 0.01363000
9343 9166 0.01363000
9165 9369 0.00906000
9369 9165 0.00906000
9164 9413 0.01973000
9413 9164 0.01973000
9164 9712 0.00636000
9712 9164 0.00636000
9164 9899 0.00939000
9899 9164 0.00939000
9163 9259 0.01501000
9259 9163 0.01501000
9161 9387 0.01140000
9387 9161 0.01140000
9161 9537 0.01200000
9537 9161 0.01200000
9159 9722 0.01690000
9722 9159 0.01690000
9155 9869 0.01576000
9869 9155 0.01576000
9154 9415 0.01664000
9415 9154 0.01664000
9154 9682 0.01012000
9682 9154 0.01012000
9153 9758 0.01537000
9758 9153 0.01537000
9153 9772 0.01503000
9772 9153 0.01503000
9152 9968 0.00389000
9968 9152 0.00389000
9151 9291 0.00894000
9291 9151 0.00894000
9150 9628 0.01525000
9628 9150 0.01525000
9150 9871 0.01566000
9871 9150 0.01566000
9150 9938 0.01270000
9938 9150 0.01270000
9149 9328 0.01285000
9328 9149 0.01285000
9146 9157 0.00594000
9157 9146 0.00594000
9144 9879 0.01694000
9879 9144 0.01694000
9144 9960 0.00553000
9960 9144 0.00553000
9143 9422 0.01100000
9422 9143 0.01100000
9142 9882 0.01252000
9882 9142 0.01252000
9141 9639 0.00649000
9639 9141 0.00649000
9141 9851 0.01849000
9851 9141 0.01849000
9138 9195 0.01813000
9195 9138 0.01813000
9138 9351 0.01236000
9351 9138 0.01236000
9137 9280 0.01898000
9280 9137 0.01898000
9136 9191 0.01043000
9191 9136 0.01043000
9136 9481 0.01706000
9481 9136 0.01706000
9136 9876 0.00485000
9876 9136 0.00485000
9134 9871 0.01273000
9871 9134 0.01273000
9133 9883 0.01720000
9883 9133 0.01720000
9132 9873 0.00946000
9873 9132 0.00946000
9131 9918 0.01830000
9918 9131 0.01830000
9130 9427 0.01597000
9427 9130 0.01597000
9128 9925 0.00743000
9925 9128 0.00743000
9127 9267 0.00688000
9267 9127 0.00688000
9126 9551 0.01712000
9551 9126 0.01712000
9125 9235 0.00891000
9235 9125 0.00891000
9125 9750 0.01289000
9750 9125 0.01289000
9124 9420 0.01846000
9420 9124 0.01846000
9121 9226 0.00209000
9226 9121 0.00209000
9120 9551 0.01873000
9551 9120 0.01873000
9119 9357 0.00852000
9357 9119 0.00852000
9118 9173 0.01464000
9173 9118 0.01464000
9118 9197 0.01864000
9197 9118 0.01864000
9118 9934 0.01806000
9934 9118 0.01806000
9118 9948 0.01296000
9948 9118 0.01296000
9116 9444 0.00531000
9444 9116 0.00531000
9115 9224 0.01921000
9224 9115 0.01921000
9113 9713 0.01831000
9713 9113 0.01831000
9112 9730 0.01276000
9730 9112 0.01276000
9111 9388 0.01716000
9388 9111 0.01716000
9104 9339 0.01559000
9339 9104 0.01559000
9103 9719 0.01179000
9719 9103 0.01179000
9102 9384 0.01045000
9384 9102 0.01045000
9101 9527 0.01903000
9527 9101 0.01903000
9101 9704 0.01289000
9704 9101 0.01289000
9100 9126 0.01423000
9126 9100 0.01423000
9100 9551 0.01285000
9551 9100 0.01285000
9100 9857 0.01692000
9857 9100 0.01692000
9099 9571 0.01867000
9571 9099 0.01867000
9099 9750 0.01979000
9750 9099 0.01979000
9098 9208 0.01533000
9208 9098 0.01533000
9097 9265 0.00438000
9265 9097 0.00438000
9095 9661 0.01684000
9661 9095 0.01684000
9095 9676 0.01025000
9676 9095 0.01025000
9094 9192 0.00427000
9192 9094 0.00427000
9094 9594 0.00537000
9594 9094 0.00537000
9092 9817 0.00826000
9817 9092 0.00826000
9090 9726 0.01931000
9726 9090 0.01931000
9089 9179 0.01438000
9179 9089 0.01438000
9089 9619 0.01609000
9619 9089 0.01609000
9089 9946 0.00939000
9946 9089 0.00939000
9088 9508 0.01585000
9508 9088 0.01585000
9087 9981 0.01494000
9981 9087 0.01494000
9086 9921 0.01163000
9921 9086 0.01163000
9082 9811 0.00446000
9811 9082 0.00446000
9082 9927 0.00881000
9927 9082 0.00881000
9081 9287 0.01640000
9287 9081 0.01640000
9081 9417 0.00448000
9417 9081 0.00448000
9081 9740 0.01425000
9740 9081 0.01425000
9080 9769 0.01223000
9769 9080 0.01223000
9080 9784 0.01114000
9784 9080 0.01114000
9079 9797 0.00888000
9797 9079 0.00888000
9078 9710 0.01940000
9710 9078 0.01940000
9077 9890 0.01516000
9890 9077 0.01516000
9074 9806 0.01714000
9806 9074 0.01714000
9071 9480 0.01693000
9480 9071 0.01693000
9070 9075 0.00566000
9075 9070 0.00566000
9070 9365 0.01976000
9365 9070 0.01976000
9070 9599 0.01461000
9599 9070 0.01461000
9069 9552 0.01671000
9552 9069 0.01671000
9069 9570 0.01111000
9570 9069 0.01111000
9068 9524 0.01232000
9524 9068 0.01232000
9068 9543 0.01350000
9543 9068 0.01350000
9067 9392 0.01518000
9392 9067 0.01518000
9067 9963 0.01348000
9963 9067 0.01348000
9065 9609 0.00439000
9609 9065 0.00439000
9065 9874 0.01284000
9874 9065 0.01284000
9063 9393 0.00842000
9393 9063 0.00842000
9062 9664 0.01662000
9664 9062 0.01662000
9062 9667 0.01582000
9667 9062 0.01582000
9061 9742 0.00955000
9742 9061 0.00955000
9061 9837 0.00529000
9837 9061 0.00529000
9060 9063 0.01575000
9063 9060 0.01575000
9060 9393 0.00918000
9393 9060 0.00918000
9058 9188 0.01420000
9188 9058 0.01420000
9056 9394 0.01407000
9394 9056 0.01407000
9056 9663 0.00194000
9663 9056 0.00194000
9055 9234 0.01157000
9234 9055 0.01157000
9055 9437 0.01713000
9437 9055 0.01713000
9055 9748 0.01504000
9748 9055 0.01504000
9053 9551 0.01608000
9551 9053 0.01608000
9052 9655 0.01847000
9655 9052 0.01847000
9051 9295 0.01922000
9295 9051 0.01922000
9051 9380 0.01398000
9380 9051 0.01398000
9050 9095 0.00255000
9095 9050 0.00255000
9050 9661 0.01874000
9661 9050 0.01874000
9050 9676 0.00909000
9676 9050 0.00909000
9048 9443 0.00461000
9443 9048 0.00461000
9048 9532 0.00838000
9532 9048 0.00838000
9047 9070 0.01579000
9070 9047 0.01579000
9047 9365 0.00807000
9365 9047 0.00807000
9047 9599 0.00291000
9599 9047 0.00291000
9046 9683 0.01819000
9683 9046 0.01819000
9045 9072 0.01287000
9072 9045 0.01287000
9043 9271 0.00748000
9271 9043 0.00748000
9043 9335 0.01830000
9335 9043 0.01830000
9043 9915 0.00479000
9915 9043 0.00479000
9042 9073 0.00416000
9073 9042 0.00416000
9042 9729 0.01921000
9729 9042 0.01921000
9040 9737 0.00932000
9737 9040 0.00932000
9038 9536 0.01220000
9536 9038 0.01220000
9036 9856 0.01529000
9856 9036 0.01529000
9034 9455 0.01469000
9455 9034 0.01469000
9034 9513 0.01862000
9513 9034 0.01862000
9033 9086 0.01651000
9086 9033 0.01651000
9033 9921 0.01936000
9921 9033 0.01936000
9032 9700 0.01386000
9700 9032 0.01386000
9032 9922 0.01299000
9922 9032 0.01299000
9030 9437 0.01613000
9437 9030 0.01613000
9028 9502 0.01673000
9502 9028 0.01673000
9028 9727 0.01667000
9727 9028 0.01667000
9027 9295 0.01970000
9295 9027 0.01970000
9026 9634 0.01850000
9634 9026 0.01850000
9025 9722 0.01967000
9722 9025 0.01967000
9025 9978 0.01226000
9978 9025 0.01226000
9024 9274 0.01947000
9274 9024 0.01947000
9024 9284 0.01547000
9284 9024 0.01547000
9023 9133 0.01166000
9133 9023 0.01166000
9022 9826 0.01116000
9826 9022 0.01116000
9022 9912 0.01299000
9912 9022 0.01299000
9020 9322 0.01900000
9322 9020 0.01900000
9015 9805 0.01242000
9805 9015 0.01242000
9015 9914 0.00130000
9914 9015 0.00130000
9013 9439 0.01584000
9439 9013 0.01584000
9012 9158 0.00897000
9158 9012 0.00897000
9011 9624 0.00832000
9624 9011 0.00832000
9009 9066 0.00839000
9066 9009 0.00839000
9009 9443 0.01816000
9443 9009 0.01816000
9009 9532 0.01513000
9532 9009 0.01513000
9008 9377 0.00685000
9377 9008 0.00685000
9005 9724 0.01068000
9724 9005 0.01068000
9005 9808 0.01765000
9808 9005 0.01765000
9004 9102 0.01285000
9102 9004 0.01285000
9004 9467 0.01562000
9467 9004 0.01562000
9004 9823 0.01078000
9823 9004 0.01078000
9002 9276 0.00177000
9276 9002 0.00177000
9001 9161 0.01830000
9161 9001 0.01830000
9001 9387 0.01602000
9387 9001 0.01602000
9001 9421 0.01997000
9421 9001 0.01997000
9000 9166 0.01425000
9166 9000 0.01425000
9000 9278 0.01526000
9278 9000 0.01526000
8998 9140 0.01944000
9140 8998 0.01944000
8998 9928 0.00658000
9928 8998 0.00658000
8997 9621 0.01549000
9621 8997 0.01549000
8997 9643 0.01165000
9643 8997 0.01165000
8997 9949 0.00559000
9949 8997 0.00559000
8995 9076 0.01613000
9076 8995 0.01613000
8994 9221 0.01856000
9221 8994 0.01856000
8994 9614 0.00405000
9614 8994 0.00405000
8993 9052 0.01704000
9052 8993 0.01704000
8993 9655 0.01191000
9655 8993 0.01191000
8992 9001 0.01063000
9001 8992 0.01063000
8992 9161 0.00859000
9161 8992 0.00859000
8992 9387 0.01302000
9387 8992 0.01302000
8991 9153 0.00870000
9153 8991 0.00870000
8991 9772 0.01790000
9772 8991 0.01790000
8989 9163 0.01223000
9163 8989 0.01223000
8989 9259 0.01397000
9259 8989 0.01397000
8989 9795 0.01646000
9795 8989 0.01646000
8987 9436 0.01686000
9436 8987 0.01686000
8986 9247 0.01328000
9247 8986 0.01328000
8986 9694 0.01671000
9694 8986 0.01671000
8985 9287 0.00843000
9287 8985 0.00843000
8985 9740 0.01712000
9740 8985 0.01712000
8983 9761 0.01441000
9761 8983 0.01441000
8982 9227 0.01369000
9227 8982 0.01369000
8981 9032 0.01876000
9032 8981 0.01876000
8981 9242 0.01812000
9242 8981 0.01812000
8981 9922 0.01133000
9922 8981 0.01133000
8980 9338 0.01252000
9338 8980 0.01252000
8980 9943 0.01124000
9943 8980 0.01124000
8980 9999 0.01202000
9999 8980 0.01202000
8979 9331 0.01563000
9331 8979 0.01563000
8977 9363 0.01565000
9363 8977 0.01565000
8976 9034 0.00521000
9034 8976 0.00521000
8976 9455 0.01658000
9455 8976 0.01658000
8974 9027 0.01029000
9027 8974 0.01029000
8974 9051 0.01233000
9051 8974 0.01233000
8971 9843 0.01732000
9843 8971 0.01732000
8969 9993 0.01510000
9993 8969 0.01510000
8967 9448 0.00812000
9448 8967 0.00812000
8965 8984 0.01249000
8984 8965 0.01249000
8965 9030 0.01735000
9030 8965 0.01735000
8965 9055 0.01751000
9055 8965 0.01751000
8965 9234 0.01780000
9234 8965 0.01780000
8965 9437 0.01548000
9437 8965 0.01548000
8964 9334 0.01801000
9334 8964 0.01801000
8963 9125 0.01873000
9125 8963 0.01873000
8963 9235 0.00984000
9235 8963 0.00984000
8963 9296 0.01588000
9296 8963 0.01588000
8962 9546 0.01552000
9546 8962 0.01552000
8962 9617 0.01112000
9617 8962 0.01112000
8962 9770 0.01711000
9770 8962 0.01711000
8962 9821 0.00319000
9821 8962 0.00319000
8960 9139 0.01353000
9139 8960 0.01353000
8959 8993 0.00846000
8993 8959 0.00846000
8959 9052 0.01219000
9052 8959 0.01219000
8959 9655 0.01766000
9655 8959 0.01766000
8958 9269 0.00534000
9269 8958 0.00534000
8956 8994 0.00451000
8994 8956 0.00451000
8956 9221 0.01560000
9221 8956 0.01560000
8956 9614 0.00804000
9614 8956 0.00804000
8954 9254 0.00949000
9254 8954 0.00949000
8953 9835 0.01705000
9835 8953 0.01705000
8952 9812 0.01658000
9812 8952 0.01658000
8951 9552 0.00780000
9552 8951 0.00780000
8951 9867 0.01701000
9867 8951 0.01701000
8950 9141 0.01748000
9141 8950 0.01748000
8950 9359 0.01458000
9359 8950 0.01458000
8950 9476 0.01325000
9476 8950 0.01325000
8950 9639 0.01522000
9639 8950 0.01522000
8949 9465 0.01410000
9465 8949 0.01410000
8949 9965 0.01426000
9965 8949 0.01426000
8948 9361 0.00868000
9361 8948 0.00868000
8948 9519 0.01810000
9519 8948 0.01810000
8948 9854 0.01980000
9854 8948 0.01980000
8947 9007 0.01823000
9007 8947 0.01823000
8947 9299 0.01033000
9299 8947 0.01033000
8946 9112 0.01810000
9112 8946 0.01810000
8946 9708 0.01654000
9708 8946 0.01654000
8945 9710 0.01931000
9710 8945 0.01931000
8944 9793 0.01900000
9793 8944 0.01900000
8943 9183 0.01377000
9183 8943 0.01377000
8941 8975 0.01835000
8975 8941 0.01835000
8941 9042 0.01355000
9042 8941 0.01355000
8941 9073 0.01768000
9073 8941 0.01768000
8941 9729 0.01494000
9729 8941 0.01494000
8940 9141 0.01954000
9141 8940 0.01954000
8940 9359 0.01297000
9359 8940 0.01297000
8940 9639 0.01364000
9639 8940 0.01364000
8939 8984 0.01873000
8984 8939 0.01873000
8939 9055 0.00850000
9055 8939 0.00850000
8937 9109 0.00656000
9109 8937 0.00656000
8936 9652 0.00673000
9652 8936 0.00673000
8934 9510 0.01924000
9510 8934 0.01924000
8933 8970 0.00715000
8970 8933 0.00715000
8933 9399 0.01745000
9399 8933 0.01745000
8932 8957 0.01046000
8957 8932 0.01046000
8931 8974 0.01021000
8974 8931 0.01021000
8931 9027 0.00023000
9027 8931 0.00023000
8931 9295 0.01948000
9295 8931 0.01948000
8929 9833 0.01192000
9833 8929 0.01192000
8929 9986 0.01444000
9986 8929 0.01444000
8926 9285 0.01117000
9285 8926 0.01117000
8925 9289 0.01148000
9289 8925 0.01148000
8923 9530 0.00385000
9530 8923 0.00385000
8922 9763 0.01619000
9763 8922 0.01619000
8922 9847 0.00387000
9847 8922 0.00387000
8921 9020 0.01882000
9020 8921 0.01882000
8920 9104 0.00880000
9104 8920 0.00880000
8920 9339 0.00849000
9339 8920 0.00849000
8919 9576 0.01707000
9576 8919 0.01707000
8919 9577 0.01560000
9577 8919 0.01560000
8918 8920 0.01971000
8920 8918 0.01971000
8918 9245 0.01664000
9245 8918 0.01664000
8918 9339 0.01212000
9339 8918 0.01212000
8918 9526 0.01922000
9526 8918 0.01922000
8915 9085 0.00701000
9085 8915 0.00701000
8914 9209 0.01953000
9209 8914 0.01953000
8914 9424 0.01278000
9424 8914 0.01278000
8913 9310 0.01384000
9310 8913 0.01384000
8913 9373 0.01548000
9373 8913 0.01548000
8912 9511 0.01864000
9511 8912 0.01864000
8911 9121 0.01471000
9121 8911 0.01471000
8911 9226 0.01272000
9226 8911 0.01272000
8911 9405 0.01580000
9405 8911 0.01580000
8908 9065 0.01960000
9065 8908 0.01960000
8908 9874 0.00925000
9874 8908 0.00925000
8907 9160 0.01291000
9160 8907 0.01291000
8905 9175 0.01666000
9175 8905 0.01666000
8904 9717 0.01587000
9717 8904 0.01587000
8903 9014 0.01884000
9014 8903 0.01884000
8903 9316 0.01003000
9316 8903 0.01003000
8903 9836 0.01799000
9836 8903 0.01799000
8902 9074 0.00995000
9074 8902 0.00995000
8902 9800 0.01497000
9800 8902 0.01497000
8901 9302 0.00075000
9302 8901 0.00075000
8900 9415 0.01610000
9415 8900 0.01610000
8899 9237 0.00396000
9237 8899 0.00396000
8899 9961 0.01419000
9961 8899 0.01419000
8898 9118 0.01946000
9118 8898 0.01946000
8897 8961 0.00301000
8961 8897 0.00301000
8895 9649 0.01879000
9649 8895 0.01879000
8895 9670 0.01563000
9670 8895 0.01563000
8895 9748 0.01247000
9748 8895 0.01247000
8893 9018 0.01097000
9018 8893 0.01097000
8892 9186 0.01604000
9186 8892 0.01604000
8892 9996 0.00223000
9996 8892 0.00223000
8891 9637 0.00628000
9637 8891 0.00628000
8891 9977 0.01465000
9977 8891 0.01465000
8887 9104 0.01632000
9104 8887 0.01632000
8886 9561 0.01416000
9561 8886 0.01416000
8885 9640 0.01001000
9640 8885 0.01001000
8884 9793 0.01095000
9793 8884 0.01095000
8882 9008 0.01721000
9008 8882 0.01721000
8882 9377 0.01669000
9377 8882 0.01669000
8882 9840 0.01763000
9840 8882 0.01763000
8881 9078 0.00610000
9078 8881 0.00610000
8880 9053 0.01859000
9053 8880 0.01859000
8880 9870 0.01328000
9870 8880 0.01328000
8878 9988 0.01970000
9988 8878 0.01970000
8877 9360 0.00725000
9360 8877 0.00725000
8877 9586 0.00732000
9586 8877 0.00732000
8876 9541 0.01642000
9541 8876 0.01642000
8876 9754 0.01653000
9754 8876 0.01653000
8875 9939 0.01610000
9939 8875 0.01610000
8874 9499 0.01187000
9499 8874 0.01187000
8873 9539 0.01539000
9539 8873 0.01539000
8873 9967 0.01768000
9967 8873 0.01768000
8872 9335 0.01606000
9335 8872 0.01606000
8870 9260 0.01350000
9260 8870 0.01350000
8868 9006 0.01405000
9006 8868 0.01405000
8865 8942 0.01670000
8942 8865 0.01670000
8865 9200 0.01604000
9200 8865 0.01604000
8863 9205 0.01819000
9205 8863 0.01819000
8863 9533 0.01256000
9533 8863 0.01256000
8863 9745 0.00946000
9745 8863 0.00946000
8862 9031 0.01708000
9031 8862 0.01708000
8862 9466 0.01796000
9466 8862 0.01796000
8862 9500 0.01275000
9500 8862 0.01275000
8860 9411 0.00689000
9411 8860 0.00689000
8859 9544 0.01676000
9544 8859 0.01676000
8858 9980 0.01936000
9980 8858 0.01936000
8857 9162 0.01224000
9162 8857 0.01224000
8856 9387 0.01792000
9387 8856 0.01792000
8856 9421 0.01146000
9421 8856 0.01146000
8856 9441 0.01538000
9441 8856 0.01538000
8855 9878 0.01126000
9878 8855 0.01126000
8852 9449 0.01477000
9449 8852 0.01477000
8851 9007 0.01338000
9007 8851 0.01338000
8851 9183 0.01736000
9183 8851 0.01736000
8850 9574 0.01681000
9574 8850 0.01681000
8850 9900 0.00918000
9900 8850 0.00918000
8849 9521 0.01683000
9521 8849 0.01683000
8847 9672 0.01350000
9672 8847 0.01350000
8846 9098 0.01056000
9098 8846 0.01056000
8846 9208 0.00549000
9208 8846 0.00549000
8845 9753 0.01670000
9753 8845 0.01670000
8845 9763 0.00695000
9763 8845 0.00695000
8844 9125 0.01270000
9125 8844 0.01270000
8844 9235 0.01417000
9235 8844 0.01417000
8843 9872 0.00641000
9872 8843 0.00641000
8839 8925 0.00212000
8925 8839 0.00212000
8839 9289 0.01184000
9289 8839 0.01184000
8838 9202 0.00897000
9202 8838 0.00897000
8838 9306 0.01061000
9306 8838 0.01061000
8838 9372 0.01702000
9372 8838 0.01702000
8837 9059 0.00261000
9059 8837 0.00261000
8836 9127 0.01591000
9127 8836 0.01591000
8836 9267 0.00956000
9267 8836 0.00956000
8835 9015 0.00717000
9015 8835 0.00717000
8835 9805 0.01439000
9805 8835 0.01439000
8835 9914 0.00803000
9914 8835 0.00803000
8834 9129 0.00322000
9129 8834 0.00322000
8833 9282 0.01208000
9282 8833 0.01208000
8833 9756 0.01871000
9756 8833 0.01871000
8832 9484 0.01803000
9484 8832 0.01803000
8831 9148 0.01392000
9148 8831 0.01392000
8831 9674 0.00955000
9674 8831 0.00955000
8830 9848 0.01697000
9848 8830 0.01697000
8829 9375 0.01827000
9375 8829 0.01827000
8824 9386 0.01471000
9386 8824 0.01471000
8824 9705 0.01309000
9705 8824 0.01309000
8824 9964 0.01808000
9964 8824 0.01808000
8824 9965 0.01496000
9965 8824 0.01496000
8821 9203 0.01724000
9203 8821 0.01724000
8820 9487 0.00393000
9487 8820 0.00393000
8819 8968 0.00655000
8968 8819 0.00655000
8818 9435 0.01670000
9435 8818 0.01670000
8817 9111 0.01560000
9111 8817 0.01560000
8815 8895 0.01181000
8895 8815 0.01181000
8815 9234 0.01481000
9234 8815 0.01481000
8815 9437 0.01917000
9437 8815 0.01917000
8815 9649 0.01050000
9649 8815 0.01050000
8815 9670 0.00704000
9670 8815 0.00704000
8815 9748 0.00837000
9748 8815 0.00837000
8815 9884 0.01751000
9884 8815 0.01751000
8814 9098 0.01541000
9098 8814 0.01541000
8814 9592 0.01462000
9592 8814 0.01462000
8813 8921 0.01347000
8921 8813 0.01347000
8813 9020 0.01322000
9020 8813 0.01322000
8813 9193 0.01638000
9193 8813 0.01638000
8812 8907 0.00657000
8907 8812 0.00657000
8812 9160 0.01284000
9160 8812 0.01284000
8812 9514 0.01714000
9514 8812 0.01714000
8811 9656 0.01160000
9656 8811 0.01160000
8810 9752 0.00415000
9752 8810 0.00415000
8809 9449 0.00819000
9449 8809 0.00819000
8808 8889 0.01559000
8889 8808 0.01559000
8808 8909 0.01326000
8909 8808 0.01326000
8808 9097 0.01961000
9097 8808 0.01961000
8807 9206 0.01791000
9206 8807 0.01791000
8806 9170 0.00902000
9170 8806 0.00902000
8805 9321 0.01042000
9321 8805 0.01042000
8805 9937 0.01383000
9937 8805 0.01383000
8804 8836 0.01847000
8836 8804 0.01847000
8804 9127 0.00301000
9127 8804 0.00301000
8804 9267 0.00905000
9267 8804 0.00905000
8802 8975 0.00746000
8975 8802 0.00746000
8801 9445 0.01424000
9445 8801 0.01424000
8801 9626 0.00816000
9626 8801 0.00816000
8801 9749 0.00131000
9749 8801 0.00131000
8800 9616 0.00852000
9616 8800 0.00852000
8800 9702 0.00873000
9702 8800 0.00873000
8798 8898 0.01028000
8898 8798 0.01028000
8798 9118 0.01745000
9118 8798 0.01745000
8797 8895 0.01992000
8895 8797 0.01992000
8796 8885 0.01678000
8885 8796 0.01678000
8796 9396 0.01662000
9396 8796 0.01662000
8796 9568 0.01908000
9568 8796 0.01908000
8796 9638 0.01790000
9638 8796 0.01790000
8796 9640 0.01550000
9640 8796 0.01550000
8795 9169 0.00539000
9169 8795 0.00539000
8794 8820 0.01097000
8820 8794 0.01097000
8794 9487 0.01394000
9487 8794 0.01394000
8793 9290 0.01766000
9290 8793 0.01766000
8793 9691 0.01025000
9691 8793 0.01025000
8793 9953 0.00490000
9953 8793 0.00490000
8791 9028 0.00218000
9028 8791 0.00218000
8791 9502 0.01773000
9502 8791 0.01773000
8791 9727 0.01873000
9727 8791 0.01873000
8790 8823 0.00286000
8823 8790 0.00286000
8789 9728 0.01472000
9728 8789 0.01472000
8788 9067 0.00677000
9067 8788 0.00677000
8788 9963 0.00868000
9963 8788 0.00868000
8787 9189 0.00707000
9189 8787 0.00707000
8787 9568 0.01849000
9568 8787 0.01849000
8784 8870 0.00802000
8870 8784 0.00802000
8784 9260 0.00549000
9260 8784 0.00549000
8783 8998 0.01252000
8998 8783 0.01252000
8783 9205 0.01446000
9205 8783 0.01446000
8783 9928 0.00627000
9928 8783 0.00627000
8782 9379 0.01069000
9379 8782 0.01069000
8780 9700 0.01526000
9700 8780 0.01526000
8778 9173 0.01570000
9173 8778 0.01570000
8778 9649 0.01919000
9649 8778 0.01919000
8778 9934 0.00837000
9934 8778 0.00837000
8777 9036 0.01584000
9036 8777 0.01584000
8777 9856 0.01994000
9856 8777 0.01994000
8774 8901 0.00971000
8901 8774 0.00971000
8774 9302 0.00956000
9302 8774 0.00956000
8773 8876 0.01834000
8876 8773 0.01834000
8771 9751 0.01851000
9751 8771 0.01851000
8771 9859 0.01370000
9859 8771 0.01370000
8770 9867 0.01945000
9867 8770 0.01945000
8769 8847 0.00368000
8847 8769 0.00368000
8769 9672 0.01119000
9672 8769 0.01119000
8768 9426 0.01690000
9426 8768 0.01690000
8766 8839 0.01175000
8839 8766 0.01175000
8766 8925 0.01144000
8925 8766 0.01144000
8766 9289 0.00032000
9289 8766 0.00032000
8766 9913 0.01950000
9913 8766 0.01950000
8765 9093 0.01277000
9093 8765 0.01277000
8765 9357 0.01697000
9357 8765 0.01697000
8763 9769 0.01707000
9769 8763 0.01707000
8762 9162 0.01704000
9162 8762 0.01704000
8762 9868 0.01657000
9868 8762 0.01657000
8761 9105 0.01099000
9105 8761 0.01099000
8758 9995 0.01315000
9995 8758 0.01315000
8757 9062 0.01177000
9062 8757 0.01177000
8757 9664 0.00722000
9664 8757 0.00722000
8755 9759 0.00720000
9759 8755 0.00720000
8754 8760 0.01763000
8760 8754 0.01763000
8754 9341 0.00658000
9341 8754 0.00658000
8753 8972 0.01865000
8972 8753 0.01865000
8752 9081 0.02000000
9081 8752 0.02000000
8752 9417 0.01563000
9417 8752 0.01563000
8752 9740 0.01657000
9740 8752 0.01657000
8752 9875 0.01431000
9875 8752 0.01431000
8751 9151 0.01220000
9151 8751 0.01220000
8751 9291 0.00631000
9291 8751 0.00631000
8751 9442 0.01536000
9442 8751 0.01536000
8749 8831 0.01176000
8831 8749 0.01176000
8749 9674 0.00960000
9674 8749 0.00960000
8747 8890 0.01174000
8890 8747 0.01174000
8746 9789 0.01476000
9789 8746 0.01476000
8745 9159 0.00553000
9159 8745 0.00553000
8744 8804 0.01800000
8804 8744 0.01800000
8744 8836 0.00054000
8836 8744 0.00054000
8744 9127 0.01546000
9127 8744 0.01546000
8744 9267 0.00906000
9267 8744 0.00906000
8743 8978 0.00872000
8978 8743 0.00872000
8740 8807 0.01868000
8807 8740 0.01868000
