1000000
15172126
999812 999997 0.00143327
999997 999812 0.00143327
999592 999782 0.00156109
999782 999592 0.00156109
999499 999881 0.00151155
999881 999499 0.00151155
999213 999297 0.00182567
999297 999213 0.00182567
999082 999896 0.00204250
999896 999082 0.00204250
999067 999159 0.00083352
999159 999067 0.00083352
999063 999354 0.00157367
999354 999063 0.00157367
999037 999626 0.00092684
999626 999037 0.00092684
998991 999808 0.00209956
999808 998991 0.00209956
998856 999431 0.00032066
999431 998856 0.00032066
998602 998726 0.00140905
998726 998602 0.00140905
998601 998719 0.00207366
998719 998601 0.00207366
998494 999657 0.00185182
999657 998494 0.00185182
998475 999232 0.00205991
999232 998475 0.00205991
998456 999256 0.00184383
999256 998456 0.00184383
998375 999945 0.00215317
999945 998375 0.00215317
998353 999790 0.00186177
999790 998353 0.00186177
998347 999348 0.00030519
999348 998347 0.00030519
998299 998335 0.00216520
998335 998299 0.00216520
998292 998433 0.00186572
998433 998292 0.00186572
998261 999240 0.00210851
999240 998261 0.00210851
998244 999924 0.00217573
999924 998244 0.00217573
998013 999598 0.00163890
999598 998013 0.00163890
998008 999192 0.00154401
999192 998008 0.00154401
997936 998069 0.00191399
998069 997936 0.00191399
997905 999016 0.00101443
999016 997905 0.00101443
997877 999937 0.00109715
999937 997877 0.00109715
997847 998290 0.00147990
998290 997847 0.00147990
997785 998252 0.00024036
998252 997785 0.00024036
997716 997863 0.00137749
997863 997716 0.00137749
997684 999674 0.00108563
999674 997684 0.00108563
997679 998143 0.00151793
998143 997679 0.00151793
997678 998549 0.00063384
998549 997678 0.00063384
997552 998841 0.00107339
998841 997552 0.00107339
997493 998582 0.00184753
998582 997493 0.00184753
997487 999747 0.00177339
999747 997487 0.00177339
997416 998608 0.00146779
998608 997416 0.00146779
997408 997846 0.00111050
997846 997408 0.00111050
997369 998018 0.00059067
998018 997369 0.00059067
997302 999560 0.00054902
999560 997302 0.00054902
997272 999389 0.00218853
999389 997272 0.00218853
997257 999056 0.00148610
999056 997257 0.00148610
997248 999570 0.00201473
999570 997248 0.00201473
997236 997410 0.00169620
997410 997236 0.00169620
997228 999290 0.00038366
999290 997228 0.00038366
997208 998093 0.00124555
998093 997208 0.00124555
997191 998816 0.00018552
998816 997191 0.00018552
997185 997661 0.00167494
997661 997185 0.00167494
997154 999502 0.00082187
999502 997154 0.00082187
997148 999158 0.00194391
999158 997148 0.00194391
997145 997272 0.00192377
997272 997145 0.00192377
997145 999389 0.00208095
999389 997145 0.00208095
997122 997765 0.00177692
997765 997122 0.00177692
997080 998898 0.00193432
998898 997080 0.00193432
997022 998999 0.00166364
998999 997022 0.00166364
996997 997582 0.00173642
997582 996997 0.00173642
996974 998648 0.00153205
998648 996974 0.00153205
996942 998672 0.00192740
998672 996942 0.00192740
996907 998776 0.00143845
998776 996907 0.00143845
996907 997866 0.00102445
997866 996907 0.00102445
996895 997681 0.00177323
997681 996895 0.00177323
996877 997656 0.00203690
997656 996877 0.00203690
996875 997949 0.00218082
997949 996875 0.00218082
996870 999263 0.00217416
999263 996870 0.00217416
996857 999543 0.00130567
999543 996857 0.00130567
996842 997446 0.00198360
997446 996842 0.00198360
996835 997102 0.00188673
997102 996835 0.00188673
996820 999599 0.00116625
999599 996820 0.00116625
996811 997299 0.00194372
997299 996811 0.00194372
996786 996935 0.00199261
996935 996786 0.00199261
996780 998120 0.00155771
998120 996780 0.00155771
996778 999412 0.00170410
999412 996778 0.00170410
996777 997264 0.00066206
997264 996777 0.00066206
996759 998812 0.00185381
998812 996759 0.00185381
996721 998974 0.00123715
998974 996721 0.00123715
996720 998820 0.00115290
998820 996720 0.00115290
996716 996930 0.00018552
996930 996716 0.00018552
996666 999201 0.00161276
999201 996666 0.00161276
996660 998747 0.00137316
998747 996660 0.00137316
996649 999678 0.00077723
999678 996649 0.00077723
996630 996787 0.00202871
996787 996630 0.00202871
996629 997615 0.00180893
997615 996629 0.00180893
996620 997937 0.00208495
997937 996620 0.00208495
996604 998553 0.00198191
998553 996604 0.00198191
996595 996652 0.00183881
996652 996595 0.00183881
996589 997391 0.00139569
997391 996589 0.00139569
996543 998046 0.00086950
998046 996543 0.00086950
996523 999186 0.00172086
999186 996523 0.00172086
996521 997194 0.00105192
997194 996521 0.00105192
996519 997964 0.00149048
997964 996519 0.00149048
996510 997702 0.00188088
997702 996510 0.00188088
996485 998793 0.00065578
998793 996485 0.00065578
996484 997161 0.00078428
997161 996484 0.00078428
996455 997746 0.00183267
997746 996455 0.00183267
996446 998109 0.00156501
998109 996446 0.00156501
996434 997410 0.00160212
997410 996434 0.00160212
996422 998111 0.00211979
998111 996422 0.00211979
996418 998914 0.00149574
998914 996418 0.00149574
996413 997753 0.00182645
997753 996413 0.00182645
996405 997454 0.00180766
997454 996405 0.00180766
996372 999651 0.00195430
999651 996372 0.00195430
996356 998104 0.00096450
998104 996356 0.00096450
996353 997987 0.00205809
997987 996353 0.00205809
996327 997782 0.00180997
997782 996327 0.00180997
996326 998929 0.00164345
998929 996326 0.00164345
996277 997715 0.00219230
997715 996277 0.00219230
996258 997350 0.00195096
997350 996258 0.00195096
996245 999294 0.00191653
999294 996245 0.00191653
996234 997457 0.00208307
997457 996234 0.00208307
996221 997291 0.00213830
997291 996221 0.00213830
996192 998372 0.00065043
998372 996192 0.00065043
996174 997364 0.00141017
997364 996174 0.00141017
996154 999207 0.00177573
999207 996154 0.00177573
996114 996345 0.00148169
996345 996114 0.00148169
996092 999561 0.00148113
999561 996092 0.00148113
996088 997150 0.00212422
997150 996088 0.00212422
996052 998307 0.00070182
998307 996052 0.00070182
996049 998676 0.00084651
998676 996049 0.00084651
996046 998377 0.00176694
998377 996046 0.00176694
996000 998530 0.00103994
998530 996000 0.00103994
995994 998323 0.00134298
998323 995994 0.00134298
995992 997425 0.00173357
997425 995992 0.00173357
995987 996732 0.00119346
996732 995987 0.00119346
995985 998944 0.00098499
998944 995985 0.00098499
995975 999527 0.00170074
999527 995975 0.00170074
995955 995962 0.00118525
995962 995955 0.00118525
995952 999900 0.00163949
999900 995952 0.00163949
995934 999185 0.00058250
999185 995934 0.00058250
995880 996317 0.00133199
996317 995880 0.00133199
995867 998493 0.00192865
998493 995867 0.00192865
995863 998287 0.00066941
998287 995863 0.00066941
995842 997864 0.00143662
997864 995842 0.00143662
995800 997589 0.00204091
997589 995800 0.00204091
995789 997592 0.00213120
997592 995789 0.00213120
995788 997698 0.00162009
997698 995788 0.00162009
995785 996513 0.00170649
996513 995785 0.00170649
995780 998323 0.00138388
998323 995780 0.00138388
995768 996438 0.00083241
996438 995768 0.00083241
995747 999409 0.00177929
999409 995747 0.00177929
995736 997166 0.00103379
997166 995736 0.00103379
995705 997630 0.00205102
997630 995705 0.00205102
995690 996323 0.00082627
996323 995690 0.00082627
995666 997558 0.00179198
997558 995666 0.00179198
995646 997231 0.00205095
997231 995646 0.00205095
995638 999775 0.00185051
999775 995638 0.00185051
995622 996839 0.00102481
996839 995622 0.00102481
995593 998520 0.00179498
998520 995593 0.00179498
995579 997762 0.00153011
997762 995579 0.00153011
995576 999443 0.00128727
999443 995576 0.00128727
995568 997599 0.00161546
997599 995568 0.00161546
995558 997016 0.00182744
997016 995558 0.00182744
995546 999176 0.00118419
999176 995546 0.00118419
995539 996436 0.00100425
996436 995539 0.00100425
995527 998540 0.00038425
998540 995527 0.00038425
995515 996312 0.00164205
996312 995515 0.00164205
995488 998946 0.00119962
998946 995488 0.00119962
995483 998149 0.00170471
998149 995483 0.00170471
995482 999886 0.00184909
999886 995482 0.00184909
995474 996931 0.00137808
996931 995474 0.00137808
995471 999939 0.00207176
999939 995471 0.00207176
995458 999897 0.00182456
999897 995458 0.00182456
995450 996385 0.00113107
996385 995450 0.00113107
995445 998655 0.00113773
998655 995445 0.00113773
995407 997203 0.00077868
997203 995407 0.00077868
995406 997335 0.00183202
997335 995406 0.00183202
995399 995810 0.00068219
995810 995399 0.00068219
995350 995913 0.00214455
995913 995350 0.00214455
995331 996795 0.00096043
996795 995331 0.00096043
995325 998479 0.00080769
998479 995325 0.00080769
995325 999498 0.00197685
999498 995325 0.00197685
995317 998667 0.00178305
998667 995317 0.00178305
995296 997372 0.00130037
997372 995296 0.00130037
995294 998635 0.00150694
998635 995294 0.00150694
995292 998805 0.00186263
998805 995292 0.00186263
995281 997217 0.00176673
997217 995281 0.00176673
995270 998882 0.00149138
998882 995270 0.00149138
995267 999154 0.00042521
999154 995267 0.00042521
995264 997134 0.00171444
997134 995264 0.00171444
995263 999101 0.00138628
999101 995263 0.00138628
995250 999056 0.00133576
999056 995250 0.00133576
995216 997746 0.00149971
997746 995216 0.00149971
995168 996363 0.00030491
996363 995168 0.00030491
995160 998014 0.00068135
998014 995160 0.00068135
995129 995676 0.00217275
995676 995129 0.00217275
995112 996248 0.00013524
996248 995112 0.00013524
995088 997507 0.00129401
997507 995088 0.00129401
995062 996992 0.00191450
996992 995062 0.00191450
995039 997442 0.00171228
997442 995039 0.00171228
995021 995286 0.00165512
995286 995021 0.00165512
995019 999669 0.00184663
999669 995019 0.00184663
995005 996704 0.00216286
996704 995005 0.00216286
994978 995412 0.00190356
995412 994978 0.00190356
994975 997690 0.00135344
997690 994975 0.00135344
994961 996709 0.00178615
996709 994961 0.00178615
994957 997730 0.00170968
997730 994957 0.00170968
994955 995837 0.00112843
995837 994955 0.00112843
994947 995901 0.00174374
995901 994947 0.00174374
994947 997505 0.00094354
997505 994947 0.00094354
994939 999253 0.00162863
999253 994939 0.00162863
994930 997808 0.00080834
997808 994930 0.00080834
994926 995160 0.00214057
995160 994926 0.00214057
994926 998014 0.00151110
998014 994926 0.00151110
994914 995011 0.00210256
995011 994914 0.00210256
994900 997876 0.00154018
997876 994900 0.00154018
994896 996325 0.00163549
996325 994896 0.00163549
994887 998308 0.00202280
998308 994887 0.00202280
994862 999672 0.00159830
999672 994862 0.00159830
994859 998044 0.00181596
998044 994859 0.00181596
994851 997938 0.00192631
997938 994851 0.00192631
994838 997420 0.00082846
997420 994838 0.00082846
994825 999763 0.00082336
999763 994825 0.00082336
994793 997421 0.00074888
997421 994793 0.00074888
994786 996467 0.00118807
996467 994786 0.00118807
994784 999019 0.00212425
999019 994784 0.00212425
994775 999547 0.00180999
999547 994775 0.00180999
994768 998158 0.00021072
998158 994768 0.00021072
994759 995756 0.00166078
995756 994759 0.00166078
994728 995817 0.00171555
995817 994728 0.00171555
994726 995114 0.00076369
995114 994726 0.00076369
994718 997151 0.00134589
997151 994718 0.00134589
994699 995985 0.00171484
995985 994699 0.00171484
994690 998899 0.00176992
998899 994690 0.00176992
994689 995897 0.00215523
995897 994689 0.00215523
994669 997651 0.00201498
997651 994669 0.00201498
994658 999304 0.00170185
999304 994658 0.00170185
994657 995853 0.00155520
995853 994657 0.00155520
994657 999601 0.00198735
999601 994657 0.00198735
994642 995723 0.00155382
995723 994642 0.00155382
994609 995793 0.00197075
995793 994609 0.00197075
994596 996192 0.00085174
996192 994596 0.00085174
994596 998372 0.00086537
998372 994596 0.00086537
994593 994750 0.00143799
994750 994593 0.00143799
994592 996335 0.00032512
996335 994592 0.00032512
994581 998226 0.00181338
998226 994581 0.00181338
994555 999030 0.00116813
999030 994555 0.00116813
994551 997514 0.00156450
997514 994551 0.00156450
994550 996187 0.00165398
996187 994550 0.00165398
994543 999809 0.00193576
999809 994543 0.00193576
994538 998384 0.00149750
998384 994538 0.00149750
994533 998496 0.00094150
998496 994533 0.00094150
994526 998280 0.00024234
998280 994526 0.00024234
994522 995842 0.00160732
995842 994522 0.00160732
994513 995056 0.00112324
995056 994513 0.00112324
994506 999156 0.00196767
999156 994506 0.00196767
994504 998468 0.00095590
998468 994504 0.00095590
994463 998121 0.00141459
998121 994463 0.00141459
994439 994998 0.00158340
994998 994439 0.00158340
994435 997326 0.00202880
997326 994435 0.00202880
994432 994735 0.00142678
994735 994432 0.00142678
994431 996350 0.00155204
996350 994431 0.00155204
994428 997242 0.00179544
997242 994428 0.00179544
994407 999372 0.00136445
999372 994407 0.00136445
994396 997670 0.00119499
997670 994396 0.00119499
994372 999806 0.00150688
999806 994372 0.00150688
994357 999845 0.00110904
999845 994357 0.00110904
994352 999242 0.00142050
999242 994352 0.00142050
994321 995697 0.00058965
995697 994321 0.00058965
994304 994957 0.00154086
994957 994304 0.00154086
994300 995685 0.00183614
995685 994300 0.00183614
994295 999992 0.00110003
999992 994295 0.00110003
994290 995766 0.00206957
995766 994290 0.00206957
994282 996633 0.00122649
996633 994282 0.00122649
994258 994558 0.00214789
994558 994258 0.00214789
994249 995526 0.00140759
995526 994249 0.00140759
994247 999724 0.00159282
999724 994247 0.00159282
994237 999508 0.00042782
999508 994237 0.00042782
994232 994664 0.00074974
994664 994232 0.00074974
994197 999239 0.00164462
999239 994197 0.00164462
994190 996898 0.00164030
996898 994190 0.00164030
994178 999381 0.00144797
999381 994178 0.00144797
994163 999072 0.00124680
999072 994163 0.00124680
994161 997141 0.00185748
997141 994161 0.00185748
994131 994482 0.00142113
994482 994131 0.00142113
994126 997975 0.00100952
997975 994126 0.00100952
994123 998778 0.00115974
998778 994123 0.00115974
994110 999206 0.00149513
999206 994110 0.00149513
994098 995154 0.00096769
995154 994098 0.00096769
994088 998943 0.00209016
998943 994088 0.00209016
994080 996005 0.00172903
996005 994080 0.00172903
994066 994572 0.00079462
994572 994066 0.00079462
994064 998427 0.00143616
998427 994064 0.00143616
994036 994130 0.00109033
994130 994036 0.00109033
994027 995007 0.00192905
995007 994027 0.00192905
994019 996257 0.00140742
996257 994019 0.00140742
994015 998853 0.00091619
998853 994015 0.00091619
994014 998355 0.00084740
998355 994014 0.00084740
993998 997053 0.00138499
997053 993998 0.00138499
993997 996038 0.00139818
996038 993997 0.00139818
993991 995367 0.00180282
995367 993991 0.00180282
993984 998808 0.00118180
998808 993984 0.00118180
993946 996739 0.00193548
996739 993946 0.00193548
993940 996011 0.00159464
996011 993940 0.00159464
993939 999398 0.00045970
999398 993939 0.00045970
993939 994034 0.00219057
994034 993939 0.00219057
993935 995532 0.00043096
995532 993935 0.00043096
993923 994493 0.00039891
994493 993923 0.00039891
993922 996635 0.00041257
996635 993922 0.00041257
993907 994781 0.00190512
994781 993907 0.00190512
993902 997420 0.00162931
997420 993902 0.00162931
993892 994119 0.00161653
994119 993892 0.00161653
993889 996721 0.00147453
996721 993889 0.00147453
993889 998974 0.00087462
998974 993889 0.00087462
993884 999059 0.00068762
999059 993884 0.00068762
993870 994863 0.00094168
994863 993870 0.00094168
993857 997062 0.00163403
997062 993857 0.00163403
993851 999971 0.00166685
999971 993851 0.00166685
993845 995849 0.00208264
995849 993845 0.00208264
993832 995714 0.00103047
995714 993832 0.00103047
993825 999993 0.00194457
999993 993825 0.00194457
993824 997997 0.00209744
997997 993824 0.00209744
993821 995225 0.00195471
995225 993821 0.00195471
993819 998225 0.00167834
998225 993819 0.00167834
993795 997364 0.00201751
997364 993795 0.00201751
993783 999611 0.00206980
999611 993783 0.00206980
993761 999305 0.00149258
999305 993761 0.00149258
993722 996003 0.00079176
996003 993722 0.00079176
993715 995787 0.00117212
995787 993715 0.00117212
993707 998470 0.00165058
998470 993707 0.00165058
993699 995831 0.00108229
995831 993699 0.00108229
993680 995658 0.00214721
995658 993680 0.00214721
993678 997201 0.00218000
997201 993678 0.00218000
993676 999320 0.00175068
999320 993676 0.00175068
993675 994469 0.00147242
994469 993675 0.00147242
993657 998177 0.00199196
998177 993657 0.00199196
993655 994121 0.00177843
994121 993655 0.00177843
993646 997311 0.00118744
997311 993646 0.00118744
993628 994777 0.00083988
994777 993628 0.00083988
993617 994599 0.00181718
994599 993617 0.00181718
993602 995003 0.00212513
995003 993602 0.00212513
993601 999500 0.00053399
999500 993601 0.00053399
993594 995807 0.00059599
995807 993594 0.00059599
993583 995735 0.00207789
995735 993583 0.00207789
993577 997110 0.00203262
997110 993577 0.00203262
993572 993780 0.00186470
993780 993572 0.00186470
993568 995497 0.00143532
995497 993568 0.00143532
993559 999686 0.00194403
999686 993559 0.00194403
993534 998019 0.00182273
998019 993534 0.00182273
993523 994912 0.00096613
994912 993523 0.00096613
993503 994152 0.00215925
994152 993503 0.00215925
993492 995212 0.00208551
995212 993492 0.00208551
993491 994840 0.00092525
994840 993491 0.00092525
993486 995205 0.00110187
995205 993486 0.00110187
993476 996463 0.00133931
996463 993476 0.00133931
993463 997417 0.00114082
997417 993463 0.00114082
993462 999726 0.00113227
999726 993462 0.00113227
993457 995369 0.00175302
995369 993457 0.00175302
993436 998546 0.00206869
998546 993436 0.00206869
993434 994678 0.00043768
994678 993434 0.00043768
993430 996720 0.00099858
996720 993430 0.00099858
993430 998820 0.00073877
998820 993430 0.00073877
993425 993524 0.00216526
993524 993425 0.00216526
993413 998005 0.00115629
998005 993413 0.00115629
993408 997423 0.00212965
997423 993408 0.00212965
993371 994471 0.00215326
994471 993371 0.00215326
993363 995861 0.00101749
995861 993363 0.00101749
993355 998854 0.00109567
998854 993355 0.00109567
993351 994911 0.00174704
994911 993351 0.00174704
993343 998427 0.00120493
998427 993343 0.00120493
993340 998351 0.00159052
998351 993340 0.00159052
993331 998912 0.00201771
998912 993331 0.00201771
993312 996021 0.00182415
996021 993312 0.00182415
993311 996848 0.00145403
996848 993311 0.00145403
993272 996101 0.00153883
996101 993272 0.00153883
993262 995762 0.00201238
995762 993262 0.00201238
993261 998237 0.00157312
998237 993261 0.00157312
993240 999751 0.00215108
999751 993240 0.00215108
993239 996683 0.00014276
996683 993239 0.00014276
993236 998007 0.00196864
998007 993236 0.00196864
993231 995754 0.00202587
995754 993231 0.00202587
993223 997729 0.00137349
997729 993223 0.00137349
993222 999494 0.00202657
999494 993222 0.00202657
993211 999753 0.00198133
999753 993211 0.00198133
993183 999634 0.00188455
999634 993183 0.00188455
993179 996445 0.00200462
996445 993179 0.00200462
993158 997740 0.00139815
997740 993158 0.00139815
993155 997234 0.00105323
997234 993155 0.00105323
993143 996863 0.00105692
996863 993143 0.00105692
993138 998434 0.00218280
998434 993138 0.00218280
993128 995727 0.00046364
995727 993128 0.00046364
993127 996352 0.00049417
996352 993127 0.00049417
993118 999736 0.00204821
999736 993118 0.00204821
993115 998975 0.00138123
998975 993115 0.00138123
993108 995176 0.00218064
995176 993108 0.00218064
993100 994084 0.00121640
994084 993100 0.00121640
993098 995848 0.00114201
995848 993098 0.00114201
993095 994632 0.00155050
994632 993095 0.00155050
993085 993761 0.00170017
993761 993085 0.00170017
993085 999305 0.00129671
999305 993085 0.00129671
993077 999958 0.00151218
999958 993077 0.00151218
993062 993969 0.00187461
993969 993062 0.00187461
993054 996205 0.00151271
996205 993054 0.00151271
993050 999667 0.00039003
999667 993050 0.00039003
993043 995279 0.00212786
995279 993043 0.00212786
993041 999524 0.00131414
999524 993041 0.00131414
993010 996862 0.00213839
996862 993010 0.00213839
992994 994102 0.00062034
994102 992994 0.00062034
992979 997251 0.00048471
997251 992979 0.00048471
992964 994525 0.00058306
994525 992964 0.00058306
992963 998800 0.00198449
998800 992963 0.00198449
992955 999555 0.00140035
999555 992955 0.00140035
992939 996170 0.00098150
996170 992939 0.00098150
992935 993650 0.00177030
993650 992935 0.00177030
992927 993592 0.00166585
993592 992927 0.00166585
992917 999865 0.00096566
999865 992917 0.00096566
992915 997491 0.00169360
997491 992915 0.00169360
992913 997499 0.00019780
997499 992913 0.00019780
992898 993170 0.00149342
993170 992898 0.00149342
992892 993706 0.00156584
993706 992892 0.00156584
992882 994970 0.00173549
994970 992882 0.00173549
992872 996687 0.00102112
996687 992872 0.00102112
992864 994614 0.00144410
994614 992864 0.00144410
992848 994897 0.00130129
994897 992848 0.00130129
992845 997279 0.00190193
997279 992845 0.00190193
992842 996668 0.00165759
996668 992842 0.00165759
992832 997721 0.00184553
997721 992832 0.00184553
992826 995901 0.00071376
995901 992826 0.00071376
992822 997510 0.00017844
997510 992822 0.00017844
992812 995533 0.00177575
995533 992812 0.00177575
992802 995834 0.00190737
995834 992802 0.00190737
992800 994143 0.00139083
994143 992800 0.00139083
992800 994597 0.00208509
994597 992800 0.00208509
992789 996579 0.00126781
996579 992789 0.00126781
992780 997225 0.00164535
997225 992780 0.00164535
992776 997871 0.00176901
997871 992776 0.00176901
992773 997798 0.00143449
997798 992773 0.00143449
992768 998971 0.00119837
998971 992768 0.00119837
992748 997919 0.00113520
997919 992748 0.00113520
992718 997518 0.00178323
997518 992718 0.00178323
992710 998485 0.00190677
998485 992710 0.00190677
992700 993119 0.00179932
993119 992700 0.00179932
992681 995050 0.00152651
995050 992681 0.00152651
992678 993320 0.00022469
993320 992678 0.00022469
992664 998628 0.00014858
998628 992664 0.00014858
992659 998640 0.00165292
998640 992659 0.00165292
992656 994548 0.00192355
994548 992656 0.00192355
992647 996878 0.00210136
996878 992647 0.00210136
992644 998102 0.00137872
998102 992644 0.00137872
992641 995079 0.00149428
995079 992641 0.00149428
992631 998393 0.00167927
998393 992631 0.00167927
992630 997789 0.00152540
997789 992630 0.00152540
992627 997534 0.00178431
997534 992627 0.00178431
992623 997365 0.00105660
997365 992623 0.00105660
992618 992947 0.00154228
992947 992618 0.00154228
992617 994597 0.00200723
994597 992617 0.00200723
992596 996203 0.00186815
996203 992596 0.00186815
992568 997793 0.00121768
997793 992568 0.00121768
992564 996029 0.00137914
996029 992564 0.00137914
992555 992969 0.00188296
992969 992555 0.00188296
992549 994212 0.00120235
994212 992549 0.00120235
992548 996348 0.00142959
996348 992548 0.00142959
992547 998205 0.00165422
998205 992547 0.00165422
992543 998151 0.00143841
998151 992543 0.00143841
992538 996094 0.00090713
996094 992538 0.00090713
992533 998224 0.00122797
998224 992533 0.00122797
992527 996765 0.00095298
996765 992527 0.00095298
992508 999370 0.00218756
999370 992508 0.00218756
992485 998863 0.00125496
998863 992485 0.00125496
992480 995955 0.00195033
995955 992480 0.00195033
992480 995962 0.00077914
995962 992480 0.00077914
992478 999504 0.00203655
999504 992478 0.00203655
992465 995564 0.00179865
995564 992465 0.00179865
992459 997161 0.00035263
997161 992459 0.00035263
992459 996484 0.00085842
996484 992459 0.00085842
992458 994569 0.00148473
994569 992458 0.00148473
992452 995759 0.00217855
995759 992452 0.00217855
992452 998998 0.00132134
998998 992452 0.00132134
992448 995035 0.00097209
995035 992448 0.00097209
992447 994767 0.00106307
994767 992447 0.00106307
992440 992996 0.00183974
992996 992440 0.00183974
992430 995273 0.00117008
995273 992430 0.00117008
992427 997918 0.00167354
997918 992427 0.00167354
992425 995028 0.00188129
995028 992425 0.00188129
992422 992668 0.00098450
992668 992422 0.00098450
992408 997570 0.00104340
997570 992408 0.00104340
992395 993011 0.00052714
993011 992395 0.00052714
992381 997663 0.00091383
997663 992381 0.00091383
992377 994176 0.00170184
994176 992377 0.00170184
992340 998956 0.00219661
998956 992340 0.00219661
992325 994768 0.00146896
994768 992325 0.00146896
992325 998158 0.00133868
998158 992325 0.00133868
992313 993844 0.00091974
993844 992313 0.00091974
992305 994812 0.00193419
994812 992305 0.00193419
992296 995470 0.00166670
995470 992296 0.00166670
992295 995006 0.00210394
995006 992295 0.00210394
992290 994769 0.00071639
994769 992290 0.00071639
992286 993054 0.00158762
993054 992286 0.00158762
992271 996131 0.00075413
996131 992271 0.00075413
992266 997959 0.00150948
997959 992266 0.00150948
992260 996243 0.00191717
996243 992260 0.00191717
992255 994866 0.00137359
994866 992255 0.00137359
992253 998723 0.00202695
998723 992253 0.00202695
992245 999785 0.00052201
999785 992245 0.00052201
992239 996911 0.00216449
996911 992239 0.00216449
992234 998699 0.00125027
998699 992234 0.00125027
992231 996627 0.00072519
996627 992231 0.00072519
992196 993390 0.00185943
993390 992196 0.00185943
992195 992932 0.00205926
992932 992195 0.00205926
992177 995608 0.00178981
995608 992177 0.00178981
992163 996184 0.00154985
996184 992163 0.00154985
992160 992943 0.00171183
992943 992160 0.00171183
992160 997826 0.00066109
997826 992160 0.00066109
992155 993876 0.00176738
993876 992155 0.00176738
992145 997072 0.00127131
997072 992145 0.00127131
992137 999859 0.00045322
999859 992137 0.00045322
992132 992421 0.00111731
992421 992132 0.00111731
992128 996649 0.00083422
996649 992128 0.00083422
992128 999678 0.00039366
999678 992128 0.00039366
992127 993196 0.00136459
993196 992127 0.00136459
992119 996151 0.00217854
996151 992119 0.00217854
992117 997722 0.00127101
997722 992117 0.00127101
992116 992972 0.00201342
992972 992116 0.00201342
992114 998913 0.00169899
998913 992114 0.00169899
992112 998394 0.00218319
998394 992112 0.00218319
992052 996925 0.00217310
996925 992052 0.00217310
992049 992531 0.00173474
992531 992049 0.00173474
992039 996151 0.00021341
996151 992039 0.00021341
992039 992119 0.00208206
992119 992039 0.00208206
992006 992519 0.00133492
992519 992006 0.00133492
991998 992862 0.00194700
992862 991998 0.00194700
991982 993936 0.00069105
993936 991982 0.00069105
991976 999614 0.00186902
999614 991976 0.00186902
991965 994137 0.00167458
994137 991965 0.00167458
991957 998581 0.00189588
998581 991957 0.00189588
991946 992514 0.00204577
992514 991946 0.00204577
991942 999596 0.00190424
999596 991942 0.00190424
991936 997672 0.00086529
997672 991936 0.00086529
991934 995430 0.00089554
995430 991934 0.00089554
991932 997065 0.00193168
997065 991932 0.00193168
991930 999565 0.00104488
999565 991930 0.00104488
991928 997751 0.00188907
997751 991928 0.00188907
991926 993345 0.00052295
993345 991926 0.00052295
991915 999819 0.00084119
999819 991915 0.00084119
991911 999787 0.00091506
999787 991911 0.00091506
991907 999965 0.00093842
999965 991907 0.00093842
991903 999473 0.00133425
999473 991903 0.00133425
991893 993562 0.00089100
993562 991893 0.00089100
991886 996943 0.00124314
996943 991886 0.00124314
991882 999331 0.00201361
999331 991882 0.00201361
991878 997960 0.00167023
997960 991878 0.00167023
991865 996885 0.00134907
996885 991865 0.00134907
991865 997015 0.00140535
997015 991865 0.00140535
991863 995908 0.00112362
995908 991863 0.00112362
991855 995697 0.00210563
995697 991855 0.00210563
991839 995976 0.00182646
995976 991839 0.00182646
991826 995389 0.00079779
995389 991826 0.00079779
991823 994381 0.00207789
994381 991823 0.00207789
991822 998236 0.00185568
998236 991822 0.00185568
991789 992654 0.00148389
992654 991789 0.00148389
991786 998292 0.00124834
998292 991786 0.00124834
991786 998433 0.00190881
998433 991786 0.00190881
991782 998258 0.00205047
998258 991782 0.00205047
991778 995909 0.00206820
995909 991778 0.00206820
991756 995072 0.00196266
995072 991756 0.00196266
991754 992116 0.00200418
992116 991754 0.00200418
991743 998645 0.00108056
998645 991743 0.00108056
991732 992132 0.00165117
992132 991732 0.00165117
991730 995843 0.00208674
995843 991730 0.00208674
991700 994044 0.00204355
994044 991700 0.00204355
991684 992006 0.00200701
992006 991684 0.00200701
991672 996330 0.00058444
996330 991672 0.00058444
991669 993851 0.00218593
993851 991669 0.00218593
991669 994202 0.00213784
994202 991669 0.00213784
991669 999971 0.00200080
999971 991669 0.00200080
991666 999569 0.00134800
999569 991666 0.00134800
991664 994257 0.00071737
994257 991664 0.00071737
991661 996179 0.00170352
996179 991661 0.00170352
991659 995883 0.00016486
995883 991659 0.00016486
991657 991912 0.00138996
991912 991657 0.00138996
991656 993156 0.00125463
993156 991656 0.00125463
991634 994961 0.00143930
994961 991634 0.00143930
991625 997809 0.00210964
997809 991625 0.00210964
991616 993319 0.00128000
993319 991616 0.00128000
991615 994374 0.00147395
994374 991615 0.00147395
991613 999178 0.00169097
999178 991613 0.00169097
991610 998491 0.00134263
998491 991610 0.00134263
991590 992162 0.00199184
992162 991590 0.00199184
991590 997269 0.00214808
997269 991590 0.00214808
991584 995983 0.00076199
995983 991584 0.00076199
991583 995667 0.00069781
995667 991583 0.00069781
991554 993472 0.00049751
993472 991554 0.00049751
991540 992551 0.00132550
992551 991540 0.00132550
991537 996790 0.00052264
996790 991537 0.00052264
991522 993484 0.00154465
993484 991522 0.00154465
991497 997452 0.00081560
997452 991497 0.00081560
991492 998851 0.00216844
998851 991492 0.00216844
991473 992330 0.00140931
992330 991473 0.00140931
991467 992504 0.00140867
992504 991467 0.00140867
991451 997795 0.00165063
997795 991451 0.00165063
991434 992291 0.00114723
992291 991434 0.00114723
991431 999244 0.00153875
999244 991431 0.00153875
991426 991749 0.00174525
991749 991426 0.00174525
991422 991867 0.00170760
991867 991422 0.00170760
991420 992911 0.00178773
992911 991420 0.00178773
991403 996026 0.00064806
996026 991403 0.00064806
991397 992094 0.00208425
992094 991397 0.00208425
991381 996556 0.00170177
996556 991381 0.00170177
991370 995985 0.00138563
995985 991370 0.00138563
991370 998944 0.00155487
998944 991370 0.00155487
991331 999639 0.00052804
999639 991331 0.00052804
991324 999710 0.00203928
999710 991324 0.00203928
991319 998316 0.00210126
998316 991319 0.00210126
991310 993652 0.00164759
993652 991310 0.00164759
991303 995731 0.00116950
995731 991303 0.00116950
991290 996178 0.00209683
996178 991290 0.00209683
991277 995167 0.00044958
995167 991277 0.00044958
991273 998719 0.00181124
998719 991273 0.00181124
991246 996764 0.00142638
996764 991246 0.00142638
991242 999677 0.00164323
999677 991242 0.00164323
991239 992355 0.00149393
992355 991239 0.00149393
991229 991510 0.00104022
991510 991229 0.00104022
991222 998141 0.00150787
998141 991222 0.00150787
991212 993375 0.00042008
993375 991212 0.00042008
991206 993264 0.00145691
993264 991206 0.00145691
991201 996074 0.00118987
996074 991201 0.00118987
991162 992689 0.00113053
992689 991162 0.00113053
991156 992986 0.00219567
992986 991156 0.00219567
991156 997848 0.00158839
997848 991156 0.00158839
991138 993371 0.00155195
993371 991138 0.00155195
991137 996911 0.00198756
996911 991137 0.00198756
991128 996083 0.00023986
996083 991128 0.00023986
991110 999286 0.00179768
999286 991110 0.00179768
991099 997037 0.00205665
997037 991099 0.00205665
991076 997668 0.00115760
997668 991076 0.00115760
991069 997889 0.00190593
997889 991069 0.00190593
991063 991565 0.00117541
991565 991063 0.00117541
991054 993581 0.00139112
993581 991054 0.00139112
991048 998891 0.00147223
998891 991048 0.00147223
991045 995837 0.00143245
995837 991045 0.00143245
991044 997058 0.00167034
997058 991044 0.00167034
991043 993955 0.00122159
993955 991043 0.00122159
991039 998571 0.00211646
998571 991039 0.00211646
991029 996006 0.00054345
996006 991029 0.00054345
991021 996972 0.00204968
996972 991021 0.00204968
991018 997288 0.00020197
997288 991018 0.00020197
991010 998254 0.00134988
998254 991010 0.00134988
991006 998462 0.00115668
998462 991006 0.00115668
991006 992216 0.00185924
992216 991006 0.00185924
990963 998980 0.00135225
998980 990963 0.00135225
990956 993423 0.00172559
993423 990956 0.00172559
990954 991611 0.00150092
991611 990954 0.00150092
990948 993634 0.00159681
993634 990948 0.00159681
990943 991727 0.00181072
991727 990943 0.00181072
990918 994902 0.00057895
994902 990918 0.00057895
990913 999238 0.00119931
999238 990913 0.00119931
990901 996959 0.00139755
996959 990901 0.00139755
990895 992144 0.00138924
992144 990895 0.00138924
990895 998080 0.00215164
998080 990895 0.00215164
990880 995371 0.00145749
995371 990880 0.00145749
990874 994056 0.00180397
994056 990874 0.00180397
990873 992755 0.00160976
992755 990873 0.00160976
990865 994814 0.00067698
994814 990865 0.00067698
990835 993769 0.00159142
993769 990835 0.00159142
990828 999923 0.00140477
999923 990828 0.00140477
990826 998773 0.00024719
998773 990826 0.00024719
990824 996784 0.00093487
996784 990824 0.00093487
990822 998797 0.00173071
998797 990822 0.00173071
990811 993687 0.00193299
993687 990811 0.00193299
990811 998308 0.00043311
998308 990811 0.00043311
990801 997914 0.00052055
997914 990801 0.00052055
990800 999031 0.00205060
999031 990800 0.00205060
990797 992722 0.00181990
992722 990797 0.00181990
990786 998607 0.00200611
998607 990786 0.00200611
990758 997819 0.00042207
997819 990758 0.00042207
990757 997812 0.00172158
997812 990757 0.00172158
990743 991432 0.00041340
991432 990743 0.00041340
990737 993018 0.00185866
993018 990737 0.00185866
990735 997705 0.00190080
997705 990735 0.00190080
990727 992389 0.00124917
992389 990727 0.00124917
990710 992595 0.00219970
992595 990710 0.00219970
990707 997636 0.00167411
997636 990707 0.00167411
990706 999516 0.00103737
999516 990706 0.00103737
990705 995250 0.00072351
995250 990705 0.00072351
990705 999056 0.00184648
999056 990705 0.00184648
990702 994438 0.00144110
994438 990702 0.00144110
990700 998105 0.00072666
998105 990700 0.00072666
990692 991758 0.00151258
991758 990692 0.00151258
990678 995821 0.00216105
995821 990678 0.00216105
990675 991669 0.00143277
991669 990675 0.00143277
990675 994202 0.00171093
994202 990675 0.00171093
990662 998783 0.00158686
998783 990662 0.00158686
990654 994182 0.00201860
994182 990654 0.00201860
990652 996282 0.00148597
996282 990652 0.00148597
990649 993300 0.00097048
993300 990649 0.00097048
990624 994165 0.00151216
994165 990624 0.00151216
990616 996035 0.00023532
996035 990616 0.00023532
990591 993195 0.00194349
993195 990591 0.00194349
990589 990634 0.00134928
990634 990589 0.00134928
990587 993248 0.00218872
993248 990587 0.00218872
990584 998683 0.00177279
998683 990584 0.00177279
990571 998938 0.00199621
998938 990571 0.00199621
990564 993914 0.00119285
993914 990564 0.00119285
990554 994976 0.00183587
994976 990554 0.00183587
990552 999724 0.00160597
999724 990552 0.00160597
990538 997739 0.00186972
997739 990538 0.00186972
990525 993197 0.00211371
993197 990525 0.00211371
990518 994578 0.00215115
994578 990518 0.00215115
990517 997336 0.00089242
997336 990517 0.00089242
990512 996554 0.00152659
996554 990512 0.00152659
990505 992070 0.00214534
992070 990505 0.00214534
990501 995856 0.00161251
995856 990501 0.00161251
990494 990950 0.00151273
990950 990494 0.00151273
990481 995862 0.00208851
995862 990481 0.00208851
990477 991121 0.00100546
991121 990477 0.00100546
990474 995702 0.00117391
995702 990474 0.00117391
990471 997506 0.00055784
997506 990471 0.00055784
990465 999820 0.00016810
999820 990465 0.00016810
990464 993213 0.00189703
993213 990464 0.00189703
990460 993463 0.00215685
993463 990460 0.00215685
990460 997417 0.00191938
997417 990460 0.00191938
990451 992876 0.00182273
992876 990451 0.00182273
990450 993676 0.00042301
993676 990450 0.00042301
990450 999320 0.00173214
999320 990450 0.00173214
990447 992627 0.00072805
992627 990447 0.00072805
990433 997837 0.00164532
997837 990433 0.00164532
990416 990862 0.00164333
990862 990416 0.00164333
990409 991489 0.00163408
991489 990409 0.00163408
990406 997906 0.00178338
997906 990406 0.00178338
990400 991343 0.00162903
991343 990400 0.00162903
990395 999334 0.00168718
999334 990395 0.00168718
990394 992571 0.00213020
992571 990394 0.00213020
990390 990735 0.00182401
990735 990390 0.00182401
990390 997705 0.00015737
997705 990390 0.00015737
990387 990453 0.00218011
990453 990387 0.00218011
990384 992222 0.00182103
992222 990384 0.00182103
990383 998735 0.00101636
998735 990383 0.00101636
990374 997726 0.00205193
997726 990374 0.00205193
990373 997323 0.00051357
997323 990373 0.00051357
990368 994405 0.00168072
994405 990368 0.00168072
990364 991157 0.00088441
991157 990364 0.00088441
990345 991972 0.00160491
991972 990345 0.00160491
990339 993580 0.00193672
993580 990339 0.00193672
990337 997950 0.00147096
997950 990337 0.00147096
990333 997965 0.00033243
997965 990333 0.00033243
990322 997146 0.00099647
997146 990322 0.00099647
990317 994640 0.00212593
994640 990317 0.00212593
990311 994904 0.00035026
994904 990311 0.00035026
990288 995691 0.00201687
995691 990288 0.00201687
990278 994791 0.00143726
994791 990278 0.00143726
990275 994768 0.00200129
994768 990275 0.00200129
990275 998158 0.00201031
998158 990275 0.00201031
990264 996460 0.00156012
996460 990264 0.00156012
990237 996109 0.00194636
996109 990237 0.00194636
990207 996994 0.00091244
996994 990207 0.00091244
990204 999250 0.00162683
999250 990204 0.00162683
990201 998493 0.00124067
998493 990201 0.00124067
990187 996171 0.00200598
996171 990187 0.00200598
990178 993454 0.00117285
993454 990178 0.00117285
990175 995501 0.00173522
995501 990175 0.00173522
990173 998110 0.00162645
998110 990173 0.00162645
990172 993461 0.00125848
993461 990172 0.00125848
990165 992664 0.00156529
992664 990165 0.00156529
990165 998628 0.00142182
998628 990165 0.00142182
990154 994528 0.00059536
994528 990154 0.00059536
990147 997517 0.00080212
997517 990147 0.00080212
990143 991490 0.00082488
991490 990143 0.00082488
990141 997787 0.00124842
997787 990141 0.00124842
990128 995657 0.00018585
995657 990128 0.00018585
990117 992798 0.00216753
992798 990117 0.00216753
990115 990328 0.00078556
990328 990115 0.00078556
990112 995784 0.00103793
995784 990112 0.00103793
990110 999854 0.00162683
999854 990110 0.00162683
990110 996141 0.00144366
996141 990110 0.00144366
990109 998330 0.00132379
998330 990109 0.00132379
990106 995573 0.00168158
995573 990106 0.00168158
990100 992722 0.00133362
992722 990100 0.00133362
990095 996603 0.00127405
996603 990095 0.00127405
990092 992778 0.00176225
992778 990092 0.00176225
990078 999634 0.00176155
999634 990078 0.00176155
990067 996865 0.00117451
996865 990067 0.00117451
990062 990082 0.00122759
990082 990062 0.00122759
990061 994977 0.00109977
994977 990061 0.00109977
990058 991848 0.00174474
991848 990058 0.00174474
990049 991626 0.00124178
991626 990049 0.00124178
990044 994116 0.00158330
994116 990044 0.00158330
990039 990642 0.00110504
990642 990039 0.00110504
990038 997357 0.00199862
997357 990038 0.00199862
990034 993975 0.00047695
993975 990034 0.00047695
990027 993303 0.00089057
993303 990027 0.00089057
990016 990313 0.00162570
990313 990016 0.00162570
990008 996986 0.00154747
996986 990008 0.00154747
989993 995737 0.00202809
995737 989993 0.00202809
989993 999120 0.00086695
999120 989993 0.00086695
989983 997979 0.00138940
997979 989983 0.00138940
989978 992599 0.00156706
992599 989978 0.00156706
989965 999690 0.00010267
999690 989965 0.00010267
989959 998598 0.00213493
998598 989959 0.00213493
989957 994536 0.00176481
994536 989957 0.00176481
989943 992517 0.00076886
992517 989943 0.00076886
989939 998113 0.00211785
998113 989939 0.00211785
989925 991955 0.00144732
991955 989925 0.00144732
989921 991418 0.00065023
991418 989921 0.00065023
989910 994097 0.00066377
994097 989910 0.00066377
989908 996689 0.00215792
996689 989908 0.00215792
989902 996837 0.00060617
996837 989902 0.00060617
989892 997305 0.00098127
997305 989892 0.00098127
989886 992437 0.00193903
992437 989886 0.00193903
989880 991382 0.00170573
991382 989880 0.00170573
989875 998963 0.00025633
998963 989875 0.00025633
989851 993697 0.00194620
993697 989851 0.00194620
989850 997390 0.00122838
